name	taxonomy_id	taxonomy_lvl	kraken_assigned_reads	added_reads	new_est_reads	fraction_total_reads
Piptocephalis	78916	G	32	0	32	0.00000
Syncephalis	78910	G	40	4	44	0.00000
Calonectria	57138	G	51	3	54	0.00000
Ruminococcus	1263	G	41	12	53	0.00000
Cordyceps	45234	G	150	10	160	0.00001
Sclerotinia	5179	G	911	103	1014	0.00006
Pyrenochaeta	285810	G	44	1	45	0.00000
Vibrio	662	G	2130	8	2138	0.00013
Botryotinia	40558	G	829	39	868	0.00005
Fusarium	5506	G	1254	224	1478	0.00009
Penicillium	5073	G	865	2018	2883	0.00018
Trichothecium	231006	G	27	2	29	0.00000
Mycobacteroides	670516	G	4034	738	4772	0.00029
Curvularia	5502	G	69	8	77	0.00000
Emmonsia	73229	G	39	0	39	0.00000
Streptococcus	1301	G	4749	300	5049	0.00031
Plasmodium	5820	G	79	0	79	0.00000
Ascocoryne	139060	G	37	1	38	0.00000
Exophiala	5583	G	189	4	193	0.00001
Beauveria	5581	G	26	1	27	0.00000
Rhizopogon	5375	G	25	0	25	0.00000
Leuconostoc	1243	G	449	50	499	0.00003
Collybia	5624	G	29	2	31	0.00000
Batrachochytrium	100474	G	75	0	75	0.00000
Candidatus Pelagibacter	198251	G	55	0	55	0.00000
Hymenotorrendiella	2082975	G	2896	222	3118	0.00019
Cantharellus	36065	G	24	0	24	0.00000
Bifidobacterium	1678	G	53	8	61	0.00000
Enterobacter	547	G	78	17	95	0.00001
Candidatus Kryptonium	1855365	G	36	9	45	0.00000
Allomyces	28581	G	63	0	63	0.00000
Bacteroides	816	G	173	71	244	0.00001
Pseudomonas	286	G	1648	3969	5617	0.00034
Smittium	4888	G	30	0	30	0.00000
Saccharomyces	4930	G	156	2635	2791	0.00017
Starmerella	75735	G	105	13	118	0.00001
Zasmidium	395590	G	2227	135	2362	0.00014
Monosporascus	155415	G	80	5	85	0.00001
Salinibacter	146918	G	108047	314	108361	0.00660
Chaetomium	5149	G	997	170	1167	0.00007
Microbacterium	33882	G	3898	32	3930	0.00024
Capniomyces	4884	G	278	3	281	0.00002
Homolaphlyctis	1142504	G	451	0	451	0.00003
Neurospora	5140	G	114	10	124	0.00001
Mycosphaerella	41254	G	546	24	570	0.00003
Grammothele	139412	G	3370	98	3468	0.00021
Pseudonectria	40628	G	498	40	538	0.00003
Xylaria	37991	G	93	2	95	0.00001
Paramyrothecium	1859940	G	49	2	51	0.00000
Cladophialophora	82105	G	138	2	140	0.00001
Eutypa	97095	G	43	2	45	0.00000
Sphingomonas	13687	G	333	45	378	0.00002
Glomus	4875	G	34	11	45	0.00000
Wickerhamomyces	599737	G	65	3	68	0.00000
Hirsutella	42367	G	43	0	43	0.00000
Melampsora	5260	G	2694	1384	4078	0.00025
Kodamaea	77850	G	29	0	29	0.00000
Chrysoporthe	305399	G	24	11	35	0.00000
Neobulgaria	45424	G	38	1	39	0.00000
Ramularia	112497	G	44	0	44	0.00000
Mrakia	29901	G	54	12	66	0.00000
Trypanosoma	5690	G	264	0	264	0.00002
Colwellia	28228	G	3552	47	3599	0.00022
Tetrasphaera	99479	G	55	0	55	0.00000
Bacillus	1386	G	4367	433	4800	0.00029
Arthrobacter	1663	G	169	7	176	0.00001
Lecanosticta	687950	G	1119	199	1318	0.00008
Chroogomphus	5390	G	55	42	97	0.00001
Clostridioides	1870884	G	107	86	193	0.00001
Streptobacillus	34104	G	102	4	106	0.00001
Ophioceras	45986	G	41	0	41	0.00000
Escovopsis	150372	G	413	7	420	0.00003
Ceratocystis	5157	G	1336	5	1341	0.00008
Lactobacillus	1578	G	464	216	680	0.00004
Parastagonospora	1351751	G	37	1	38	0.00000
Chryseobacterium	59732	G	199	12	211	0.00001
Cladosporium	5498	G	175	1166	1341	0.00008
Phialophora	5600	G	34	0	34	0.00000
Clostridium	1485	G	1552	21	1573	0.00010
Gomphus	60110	G	35	17	52	0.00000
Yamadazyma	766765	G	2831	67	2898	0.00018
Rhizobium	379	G	37	0	37	0.00000
Knoxdaviesia	1215354	G	31	1	32	0.00000
Borrelia	138	G	38	0	38	0.00000
Corynebacterium	1716	G	260	5	265	0.00002
Blyttiomyces	388809	G	34	0	34	0.00000
Kazachstania	71245	G	167	2	169	0.00001
Vanderwaltozyma	374469	G	76	2	78	0.00000
Talaromyces	5094	G	70	4	74	0.00000
Haemophilus	724	G	1868	58	1926	0.00012
Paracoccidioides	38946	G	522	27	549	0.00003
Tricholoma	40144	G	106	16	122	0.00001
Raffaelea	45340	G	31	1	32	0.00000
Magnusiomyces	1095182	G	26	0	26	0.00000
Tuber	36048	G	454	26	480	0.00003
Cadophora	210567	G	71	4	75	0.00000
Blastomyces	229219	G	497	9	506	0.00003
Massilia	149698	G	35	0	35	0.00000
Fonsecaea	40354	G	281	3	284	0.00002
Faecalibacterium	216851	G	37	6	43	0.00000
Diplodia	66735	G	55	3	58	0.00000
Madurella	100815	G	34	0	34	0.00000
Amanita	41955	G	36	0	36	0.00000
Epicoccum	104397	G	1264	156	1420	0.00009
Solicoccozyma	1851575	G	521	2	523	0.00003
Acidovorax	12916	G	1248	143	1391	0.00008
Pleurotus	5320	G	254	3	257	0.00002
Elsinoe	40996	G	26	1	27	0.00000
Evernia	87256	G	138	1	139	0.00001
Elizabethkingia	308865	G	606	23	629	0.00004
Erysiphe	5121	G	442	43	485	0.00003
Periconia	97971	G	61	2	63	0.00000
Russula	5402	G	33	0	33	0.00000
Articulospora	253308	G	106	8	114	0.00001
Thermoascus	5086	G	122	5	127	0.00001
Lodderomyces	36913	G	71	141	212	0.00001
Clavispora	36910	G	42	7	49	0.00000
Stenotrophomonas	40323	G	38	4	42	0.00000
Ambrosiozyma	36917	G	422	24	446	0.00003
Yarrowia	4951	G	182	2	184	0.00001
Saccharomycodes	36034	G	342	18	360	0.00002
Paenibacillus	44249	G	26	1	27	0.00000
Shigella	620	G	3529	3509	7038	0.00043
Finegoldia	150022	G	62	2	64	0.00000
Xanthomonas	338	G	239	40	279	0.00002
Apiotrichum	105983	G	1392	10	1402	0.00009
Yersinia	629	G	925	17	942	0.00006
Klebsiella	570	G	709	180	889	0.00005
Ophiocordyceps	474995	G	114	1	115	0.00001
Microcyclospora	766053	G	32	0	32	0.00000
Lysinibacillus	400634	G	26	0	26	0.00000
Tilletia	13289	G	172	9	181	0.00001
Lachancea	300275	G	1737	76	1813	0.00011
Ogataea	461281	G	200	13	213	0.00001
Psilocybe	71950	G	91	0	91	0.00001
Nectria	5133	G	29	2	31	0.00000
Huntiella	1580853	G	135	7	142	0.00001
Gordonia	2053	G	26	0	26	0.00000
Saccharomycopsis	4943	G	52	2	54	0.00000
Cyberlindnera	604195	G	33	2	35	0.00000
Auricularia	5230	G	413	3	416	0.00003
Trichoderma	5543	G	259	28	287	0.00002
Neonectria	140106	G	31	1	32	0.00000
Photobacterium	657	G	165	0	165	0.00001
Hanseniaspora	29832	G	136	2	138	0.00001
Saturnispora	29834	G	41	1	42	0.00000
Dictyostelium	5782	G	27	0	27	0.00000
Helicocarpus	1745324	G	48	1	49	0.00000
Bretziella	2174070	G	99	4	103	0.00001
Verticillium	1036719	G	44	3	47	0.00000
Antrodiella	81041	G	27	0	27	0.00000
Diaporthe	36922	G	51	6	57	0.00000
Exutisphaerella	2059848	G	711	2	713	0.00004
Acinetobacter	469	G	887	24	911	0.00006
Leptosphaeria	5021	G	42	3	45	0.00000
Rhizophlyctis	64515	G	101	0	101	0.00001
Enterococcus	1350	G	158	42	200	0.00001
Bipolaris	33194	G	30	1	31	0.00000
Pyrenophora	5027	G	30	12	42	0.00000
Botrytis	33196	G	1857	86	1943	0.00012
Chlamydia	810	G	1053	162	1215	0.00007
Mycobacterium	1763	G	593	1167	1760	0.00011
Pseudevernia	88743	G	28	0	28	0.00000
Leishmania	5658	G	110	0	110	0.00001
Diplocarpon	446948	G	72	2	74	0.00000
Amorphotheca	5100	G	91	22	113	0.00001
Dermatophagoides	6953	G	15952	349	16301	0.00099
Tremella	105767	G	110	0	110	0.00001
Cutaneotrichosporon	1838142	G	52	1103	1155	0.00007
Hymenoscyphus	5182	G	189	3	192	0.00001
Rhizomucor	4838	G	28	0	28	0.00000
Sclerotium	109383	G	79	2	81	0.00000
Herbaspirillum	963	G	29	0	29	0.00000
Mucor	4830	G	32	1	33	0.00000
Geobacillus	129337	G	97	11	108	0.00001
Pseudomicrostroma	1981958	G	81	0	81	0.00000
Candida	1535326	G	46	2	48	0.00000
Cronobacter	413496	G	51	0	51	0.00000
Valsa	83174	G	93	29	122	0.00001
Francisella	262	G	220	6	226	0.00001
Prosthecochloris	1101	G	62	0	62	0.00000
Toxoplasma	5810	G	11315	79	11394	0.00069
Cryphonectria	5115	G	64	10	74	0.00000
Epichloe	5112	G	5972	31	6003	0.00037
Puccinia	5296	G	28	0	28	0.00000
Hypoxylon	42308	G	1149	35	1184	0.00007
Fibularhizoctonia	56747	G	958	2	960	0.00006
Kwoniella	490731	G	271	0	271	0.00002
Listeria	1637	G	1330	37	1367	0.00008
Ustilaginoidea	124426	G	91	7	98	0.00001
Geosmithia	241409	G	46	3	49	0.00000
Endocarpon	364710	G	707	74	781	0.00005
Clarireedia	2211661	G	480	48	528	0.00003
Metarhizium	5529	G	375	360	735	0.00004
Arthrobotrys	13348	G	32	0	32	0.00000
Flavobacterium	237	G	28	1	29	0.00000
Stereum	5644	G	48	0	48	0.00000
Aspergillus	5052	G	704	43	747	0.00005
Xerocomus	5385	G	47	0	47	0.00000
Candidatus Entotheonella	93171	G	25	15	40	0.00000
Monilinia	38447	G	815	34	849	0.00005
Myriosclerotinia	38442	G	7771	272	8043	0.00049
Cloacibacterium	501783	G	72	8	80	0.00000
Lichtheimia	688353	G	28	0	28	0.00000
Metschnikowia	27320	G	390	3	393	0.00002
Dendrothele	139111	G	24	0	24	0.00000
Rhynchosporium	38037	G	96	0	96	0.00001
Colletotrichum	5455	G	465	66	531	0.00003
Morchella	5193	G	65	23	88	0.00001
Rhizoctonia	1322061	G	52	0	52	0.00000
Exserohilum	91493	G	135	7	142	0.00001
Mycolicibacterium	1866885	G	272	2	274	0.00002
Exidia	5218	G	79	0	79	0.00000
Lactarius	34444	G	84	2	86	0.00001
Corynespora	59585	G	248	13	261	0.00002
Zancudomyces	1213188	G	26	0	26	0.00000
Rhizopus	4842	G	43	84	127	0.00001
Staphylococcus	1279	G	2209	6437	8646	0.00053
Scheffersomyces	766733	G	33	0	33	0.00000
Thelephora	56489	G	53	0	53	0.00000
Homo	9605	G	15539545	584427	16123972	0.98278
Termitomyces	71927	G	253	0	253	0.00002
Paraburkholderia	1822464	G	32	1	33	0.00000
Serratia	613	G	26	2	28	0.00000
Malassezia	55193	G	62	9	71	0.00000
Beverwykella	409206	G	34	1	35	0.00000
Venturia	5024	G	2077	37	2114	0.00013
Helicobacter	209	G	704	3	707	0.00004
Thielaviopsis	60496	G	1235	49	1284	0.00008
Cryptococcus	5206	G	29	120	149	0.00001
Filobasidium	5209	G	209	0	209	0.00001
Oidium	62703	G	73	8	81	0.00000
Streptomyces	1883	G	575	17	592	0.00004
Neisseria	482	G	197	6	203	0.00001
Kregervanrija	324738	G	98	24	122	0.00001
Phialocephala	150173	G	113	8	121	0.00001
Pseudogymnoascus	78156	G	123	43	166	0.00001
Pichia	4919	G	32	1	33	0.00000
Boletus	5369	G	134	4	138	0.00001
Memnoniella	80382	G	43	1	44	0.00000
Nitrosomonas	914	G	57	0	57	0.00000
Albatrellus	68750	G	55	0	55	0.00000
Agrobacterium	357	G	80	6	86	0.00001
Albophoma	1635094	G	26	6	32	0.00000
Emergomyces	1955773	G	34	0	34	0.00000
Choiromyces	44639	G	111	0	111	0.00001
Cronartium	27353	G	46	4	50	0.00000
Mortierella	4855	G	87	3	90	0.00001
Tetragenococcus	51668	G	1319	3	1322	0.00008
Prevotella	838	G	41	36	77	0.00000
